10.0 10.0 10
6.666666666666667 10.0 10
3.3333333333333335 10.0 10
0.0 10.0 10
-3.3333333333333335 10.0 10
-6.666666666666667 10.0 10
-10.0 10.0 10
-10.0 6.666666666666667 10
-10.0 3.3333333333333335 10
-10.0 0.0 10
-10.0 -3.3333333333333335 10
-6.666666666666667 -3.3333333333333335 10
-6.666666666666667 0.0 10
-3.3333333333333335 0.0 10
-6.666666666666667 0.0 10
-3.3333333333333335 0.0 10
-6.666666666666667 0.0 10
-3.3333333333333335 0.0 10
-6.666666666666667 0.0 10
-3.3333333333333335 0.0 10
-6.666666666666667 0.0 10
-3.3333333333333335 0.0 10
-6.666666666666667 0.0 10
-3.3333333333333335 0.0 10
-6.666666666666667 0.0 10
-3.3333333333333335 0.0 10
-6.666666666666667 0.0 10
-6.666666666666667 -3.3333333333333335 10
-6.666666666666667 0.0 10
-3.3333333333333335 0.0 10
-6.666666666666667 0.0 10
